y = 2x + 13 | (2*x)+13
x = -4y - 3 | ((-x)-3)/4
y = -5x + -5 | ((-5)*x)-5
y = +2 - -3 | 5
y = +2 + +3 | 5
y / 2 = 2 + 3 | 10
y = x + 3 | x+3
y = x! | x!
y^2 = x | (2\x)
y = 5x + 3 | (5*x)+3
y = 4 * (5 + 9x) | (36*x)+20
y = ((20 - 10) * (30 - 20) / 10 + 10) * 2 | 40
y = (x + 5)(2x - 1) | ((2*(x^2))-(9*x))-5
c = 2πr | 6.283185307179586*r
y = 5x^2 + 3 | (5*(x^2))+3
y = 2xxz | 2*(z*(x^2))
y = x!! | (x!)!
y = 1 + 2 ^ 3 / (4 * 5 - 6) | 1.5714285714285714